[CAMERA_INFO]
CAM1_ID=22912955
CAM1_W=3088
CAM1_H=2064
CAM1_D=8
CAM1_S=22912955
CAM2_ID=22913031
CAM2_W=3088
CAM2_H=2064
CAM2_D=8
CAM2_S=22913031
CAM3_ID=22372928
CAM3_W=3088
CAM3_H=2064
CAM3_D=8
CAM3_S=22372928
CAM4_ID=22913035
CAM4_W=3088
CAM4_H=2064
CAM4_D=8
CAM4_S=22913035
CAM5_ID=22913038
CAM5_W=3088
CAM5_H=2064
CAM5_D=8
CAM5_S=22913038
CAM6_ID=22913039
CAM6_W=3088
CAM6_H=2064
CAM6_D=8
CAM6_S=22913038
CAM7_ID=22913038
CAM7_W=3088
CAM7_H=2064
CAM7_D=8
CAM7_S=22913038
CAM8_ID=22913039
CAM8_W=3088
CAM8_H=2064
CAM8_D=8
CAM8_S=22913038

[SERVER_INFO]
CAMERA_RESOLUTION_X1=0.007398
CAMERA_RESOLUTION_Y1=0.007351
CAMERA_RESOLUTION_X2=0.007371
CAMERA_RESOLUTION_Y2=0.007355
CAMERA_RESOLUTION_X3=0.007398
CAMERA_RESOLUTION_Y3=0.007351
CAMERA_RESOLUTION_X4=0.007371
CAMERA_RESOLUTION_Y4=0.007355
CAMERA_RESOLUTION_X5=0.007398
CAMERA_RESOLUTION_Y5=0.007351
CAMERA_RESOLUTION_X6=0.007371
CAMERA_RESOLUTION_Y6=0.007355
CAMERA_RESOLUTION_X7=0.007398
CAMERA_RESOLUTION_Y7=0.007351
CAMERA_RESOLUTION_X8=0.007371
CAMERA_RESOLUTION_Y8=0.007355
